x,y,z
0,0,0
193.988033350721,1.52360977924661,1.52365677241
988.676028935733,0,156.590899505271
7.39425795736816,6.72825705573115,0.235597648336102
3956.53488147676,594.838408021589,0
37.2447028295811,0,33.35913834523
5.93313599493509,0.0465996993079446,0.892034603381538
NaN,NaN,NaN
190.705535623768,10.4951606578203,1.50009506974386
19,0,0
99.750279641627,0,7.06269859311667
0.0862837045231797,0.996239649168104,0.00785390088871133
1097.21923418877,8.61771690919236,77.6896845242834
0.938606790241385,0.0738699564291736,11.9630080047975
NaN,NaN,NaN
183.211388976133,43.9851629147344,14.8287690925627
187.852826578724,20.7391451323979,1.48438726796644
924.803412043798,0,383.066115797455
7.59447149715942,6.38382023049402,1.25333233564304
6931.15562767362,986.449524795016,0
138.692383699642,0,114.736318154764
18.8098693380496,0.147735406018521,2.67712340681407
NaN,NaN,NaN
182.716707422692,28.9394834430852,1.4529716644116
17.9977793846699,0.282731711612772,0
98.3620921962388,5.4131934705633,17.192910027941
0.117522897160801,0.992945944563851,0.0157073173118207
2398.07572239324,18.8348299578172,94.2235578217647
2.92937672218996,0.230546947968656,24.8267114238732
NaN,NaN,NaN
163.439812111615,83.2767437314556,14.4364736139235
180.850410461847,38.9360746496576,1.4529716644116
809.826011369322,0,588.373037544766
7.74413633192067,5.91013800690449,2.25801266869104
0.990023657716558,0.140901231937583,0
244.948053836464,0,190.001186632423
31.6797799377677,0.24881752592593,4.50883942200265
NaN,NaN,NaN
176.882363032158,46.8995087474158,1.43726386263417
17.995003743924,0.424075767004983,0
96.2188087963481,2.26752190337246,27.1440449865074
0.125298444845987,0.991839320253116,0.0235597648336102
3698.06021294864,29.0450942120981,116.219808589075
4.45265261772874,0.350431360912357,37.7366013642872
NaN,NaN,NaN
139.483387351658,119.13006708007,14.4364736139235
174.989001758895,56.8573732955995,1.44511776352289
997.914251066861,0,78.5375548235728
7.42976850345656,5.85715721180756,3.23917418198149
2971.06099680739,422.844597044686,0
345.539449587528,0,272.401337696327
44.5496905374858,0.349899645833339,6.34055543719122
NaN,NaN,NaN
174.922638572632,66.0977571133401,1.46867946618902
17.9911180865832,0.565393663406309,0
92.7941784380586,5.83811485950626,36.8124552684678
0.101874162228859,0.994301271891122,0.0314107590781283
4989.97973466702,39.1920150468023,313.952597646567
4.38703906016815,0.345267461941503,50.80978920114
NaN,NaN,NaN
185.113001888296,29.3190192008725,14.7503099968348
172.855421769186,76.4185825531695,1.48438726796644
952.007572811449,0,309.326011369322
6.95168355011435,5.84350051215696,4.18659737537428
5934.30787896577,892.183275815435,0
436.32543169106,0,366.769842898254
57.3536479510392,0.450463759976798,8.62300116602153
NaN,NaN,NaN
170.852756545128,85.3702834463666,1.50009506974386
18.9789076242774,0.895022563483211,0
88.7303969064579,1.39388845997367,46.0974374535462
0.0627208142014329,0.99691879396842,0.0471064507096427
6299.02850176779,49.4734714264313,98.9560990644703
3.50597035817414,0.275925851264824,63.9033022368344
NaN,NaN,NaN
177.75908340666,73.6302231820487,15.1426054754741
168.509316416516,96.1160171401118,1.52365677241
853.492804518446,0,523.021063280665
6.36631567927035,5.79290155077421,5.09041415750371
8900.96737519929,1338.2005775062,0
514.02575660498,0,475.160521873059
70.2087759400652,0.551429775144011,10.5557428066815
NaN,NaN,NaN
166.327471234724,105.554622957275,1.54721847507613
18.9712928515602,1.04405341833647,0
83.4158086462641,5.24807784467383,54.9022817998132
0.0156835850860489,0.998365916328496,0.0549501799124457
7584.76919669387,59.5718628711396,477.207948422782
0.602886124870136,0.0474481670481598,76.9976251386488
NaN,NaN,NaN
160.498089930435,116.60868799809,15.6133600498411
161.903087824097,115.697655181407,1.56292627685356
1001,0,0
5.73229061378394,5.6429478626636,5.94121062902039
1976.36436953087,313.025364545502,0
829.974400845175,0,6.51873773763041
82.963261748682,0.651605332221478,13.1404950633794
NaN,NaN,NaN
160.19971281083,126.291270418846,1.60219578129711
19.9605345685654,1.25581039058627,0
77.5113082836347,2.43589099548971,63.1352795449378
-0.0391823454807199,0.997257285989864,0.0627905195293134
8892.041298125,139.687347100818,349.412360255711
-4.22651135187792,-0.332633657306418,89.9000887465773
NaN,NaN,NaN
203.738054911002,16.0345326666237,16.0841146242082
155.268202428749,136.887334063997,1.62575748396325
974.314660238472,0,233.912254583617
7.38171601965322,0.464418207137418,6.73012513509773
4933.13271513965,821.098419690884,0
956.419561433224,0,82.8349111660064
95.6806868373707,0.751489809100166,15.9261241171797
NaN,NaN,NaN
153.674287898161,148.920745262566,1.68073479018423
20.9475587247417,1.4831667045545,0
99.9229036240723,3.92598157590686,0
-0.124946873033078,0.989056342791868,0.0784590957278449
199.7533288794,3.13797604511851,9.42129014192853
-13.6692298962882,-1.07579172381598,102.083273978695
NaN,NaN,NaN
207.639315093531,67.466103186199,17.182541964398
150.01033794795,162.280269325202,1.7357120964052
892.761001535551,7.01187268603496,454.898480739026
6.57247965927468,1.14708132835835,7.44894056591622
7881.61662344719,1375.5623044458,62.8390610105794
1067.35286357772,0,221.038151938599
108.358683736932,0.851064611338128,18.9122010307351
NaN,NaN,NaN
228.138879659496,19.7589683358081,1.7985433035149
22.9142186593376,1.98458641335224,0
99.4792141761726,0,10.192445579505
-0.232574700539255,0.968743346685005,0.0862863657979234
1499.76869089709,23.5602492917411,11.780851333067
-29.6379209492343,-2.33255496543786,112.125611833961
NaN,NaN,NaN
200.602775190471,122.929538739778,18.5163465917714
143.496007961533,191.118738644583,1.87708231240201
761.903277914914,5.9840973951855,650.746944426844
5.60426301225835,1.77239565861733,8.09016994374947
983.23921163106,187.562910839965,7.86175478960005
1151.0848401144,0,404.232223924337
120.817605425195,0.948918765510547,23.0479016940441
NaN,NaN,NaN
240.652953895714,45.9070061496418,1.92420571773428
23.8934871504739,2.25859951964434,0
97.6777491909811,6.91595556692609,20.2787295356512
-0.37374946363163,0.922743173260801,0.0941083133185143
2792.66326352087,43.8706602396687,197.755560607267
-51.0741464935876,-4.01962250365595,118.390346713234
NaN,NaN,NaN
255.210837435681,0,20.0855285063283
133.068657480155,221.026302685187,2.02630642928752
989.633193716421,7.77272074864192,156.747333970311
4.49298940448792,2.2450195521507,8.64713440520155
3917.74962894513,811.326944715787,31.423457455734
1177.86960954828,0,659.638676020889
133.170194835425,1.04593777075206,27.5790721684857
NaN,NaN,NaN
257.713661213924,77.0727275060212,2.11269933906335
26.8593878275666,2.75196030646635,0
95.3336547043912,1.49762072268939,30.1537959944496
-0.545707244744118,0.830759883482079,0.109734311091045
4093.30025694684,64.3026988528011,225.295737641028
-82.3061651743367,-6.47763568140926,115.532399829112
NaN,NaN,NaN
276.271142106866,66.3268329666629,22.3608422824358
121.769121625271,258.772555604038,2.24621565417144
925.698739966355,7.27057039801551,383.44879922982
3.21158318511756,2.57296330694542,9.11403276635445
6819.97753151865,1580.78591268619,54.985160121868
1102.4432037556,0,987.430495018808
145.147357834064,1.14000812322253,33.6443887634965
NaN,NaN,NaN
63.7457216144496,26.4043424359648,0.541919161321082
6.95147919868448,0.822761782204864,0
91.772631996982,0.720795387027836,39.7147890634781
0.812478677441377,0.571019578387597,0.117537397457838
5394.00532479464,0,254.37483383207
127.80229893768,10.0582590625056,87.1229235670803
NaN,NaN,NaN
66.6194886324517,33.944324890539,5.88443217958837
24.849575191629,70.7612297918164,0.58904256665335
808.992042385436,6.35393929110397,587.785252292473
2.65870260086738,1.71670252396463,9.48600194625505
0.99885906684563,0.0471049978357572,0.00785390088871133
1372.75066461009,0,841.222689192678
161.75024487461,1.27040957439333,8.90192914581621
NaN,NaN,NaN
61.6025308546395,33.2389220926801,0.549773062209793
5.95268820788687,0.751999401385826,0
87.0774335505594,5.47844775713524,48.8621241496955
0.849962045339679,0.51171877241929,0.125333233564304
6686.77908046942,0,420.6964808464
145.480240646209,11.4495432481129,83.2370562966445
NaN,NaN,NaN
50.0320845935293,42.7314371048077,5.17830031803777
15.1734806503196,63.2020954642477,0.510503557766237
996.886586454606,7.82968993337835,78.4590957278449
1.89486094138735,1.0808095990986,9.75916761938747
2997.57605960374,141.362098505107,23.5695565670227
1511.41883512245,0,862.098083072389
174.800336697985,1.3729068634205,8.24362887418747
NaN,NaN,NaN
54.5856343006724,37.0963587638776,0.518357458654948
5.94659848419585,0.798728031159314,0
81.7518953643226,3.21204071694405,57.5005252043279
0.868507329206589,0.47746594469484,0.133121338526552
7993.83228992578,0,314.078526072549
157.43495714455,12.3903998411368,88.4404447109489
NaN,NaN,NaN
64.9864793863165,10.2928471662638,5.17830031803777
9.05197182706415,67.3927042070552,0.534065260432371
951.027183472253,7.46950361854521,309.016994374947
1.02550909963692,0.574312690681697,9.93068456954926
5994.15326014063,282.677092012379,47.1312592331567
1652.64172826586,0,875.028752667272
187.849264920804,1.47539501336235,7.3808453627049
NaN,NaN,NaN
39.0384398135834,32.8152369710113,0.400548945324278
2.96665949623351,0.446017301690769,0
75.5258517615245,0.593190849673411,65.5400170911794
0.947425355091289,0.283340261751328,0.148672433896923
9289.67583714632,0,438.089991599677
184.852245039219,14.5481871949491,57.043823095067
NaN,NaN,NaN
35.9202292894287,14.8786461352326,3.05990473338595
1.25639161185357,39.9790293291745,0.314156035548453
852.613866923277,6.69655134457158,522.498564715949
0.150129441678589,0.0461858469089471,9.99876632481661
8996.28107479749,282.719522457351,70.6929618992907
1911.58602959666,0,588.080650464608
198.895670912643,1.56215506708312,6.25074105654753
NaN,NaN,NaN
30.1575835807671,29.22473162942,0.659707327096468
3.95554599497802,0.594689735587692,0
145.753257551683,3.43486588662561,136.909421185738
1.86605288081738,0.655311128846298,0.297344867793846
9392.75294066279,0,369.042268135245
178.841644241437,28.3257337298998,66.8005920159561
NaN,NaN,NaN
46.8253563910837,7.41640786499874,7.50885432193108
3.38967709704886,47.8742273746435,0.753951230967392
1999.93831528958,15.7078017774227,0
1.60454067943323,0.635282596242941,19.9254075298588
7997.80481730135,251.341141951308,62.8469149114681
1733.22183384703,0,702.027118191279
185.833672073174,2.91930860233171,7.30232573118676
NaN,NaN,NaN
40.0462224622735,31.5698962345101,0.801073182902854
4.95011828858279,0.704506159687913,0
158.969256615083,2.49728864077955,121.3364702004
1.82331762088196,0.772075271418044,0.281802463875165
8099.00072310145,0,127.229270225747
162.032830184346,25.6634791229483,74.0725845489196
NaN,NaN,NaN
42.0584699551597,35.9213268488474,8.76033004225293
9.79874971933972,56.1443043527291,0.895317086773779
1705.22773384655,13.3931026891432,1044.9971294319
3.33915947613747,1.70138673301253,19.6457450145738
4996.29305236184,235.619199174457,39.2852122453341
1537.75219635433,0,814.197876813398
172.786629480681,2.71434927902751,8.14941597276818
NaN,NaN,NaN
56.5629921116991,35.8959663209217,1.05239025989199
5.94659848419585,0.798728031159314,0
170.102189656007,12.0438809784368,104.49971294319
1.67534029524181,1.06320328131376,0.250666467128609
6789.72586266366,0,373.661223404631
135.689578841108,21.4911180026209,94.9498290726221
NaN,NaN,NaN
71.2829771821391,36.3204909900305,12.6711916682587
21.9839639973622,77.9492565599087,1.27229270225747
1902.05436694451,14.9390072370904,618.033988749895
4.66237594177541,3.33178305174569,19.1614579892464
1998.91351999363,110.006867209195,15.7235095792001
1287.49230016422,0,966.676562774673
159.738546612559,2.50937361376785,8.79202878599132
NaN,NaN,NaN
75.1324796952042,37.5415721543468,1.31941465419294
30.7851221656027,3.64365932119297,0
180.152025577267,7.07819236257928,86.5745163040828
-1.55974694554064,1.2296053459025,0.235074794915675
5495.76020151215,129.51476731527,172.759174929706
-116.433062112817,-18.4411853780105,99.0922031690019
NaN,NaN,NaN
297.723514267884,71.4770918544049,48.4946841624716
114.104532802374,288.195152317879,4.86926836666441
1996.76383266858,15.6828689365568,157.153568742873
7.63856588054065,0.480577830669297,18.4775906502257
8753.0040518332,2101.41035098734,70.7008158001794
1479.58919672264,0,34.868451953743
143.18582122565,2.24934262436237,33.1927862297582
NaN,NaN,NaN
265.633330187632,100.374471156056,4.46087811655707
27.830906752745,3.07256071054927,0
188.152938965741,2.95574255811077,67.7475840490583
-1.16847118194218,1.6082626094168,0.219468622182091
4199.48185642297,65.9707327096468,0
-80.9699582741594,-12.8243815243538,114.718791379611
NaN,NaN,NaN
274.577358685448,0,43.4887812811842
128.135066465298,246.670503399953,4.36663421268615
1619.60206885564,12.7205864607902,1176.74607508953
7.81272213097323,5.39970455715633,17.6012659658226
5867.3738572541,1263.21254079592,47.1391131340454
1151.06422187802,0,705.373062366531
131.199668848718,2.0610490963248,27.1734975777727
NaN,NaN,NaN
248.385579725001,65.8582431247075,4.03678054913791
24.8698035440432,2.54811139487625,0
193.808026552702,10.6659010646579,48.2150121666077
-0.804475662807355,1.81968803073334,0.2038489115901
2897.40671511938,45.5161018643116,113.853465701299
-52.9286837046193,-8.38307994567053,116.24232624961
NaN,NaN,NaN
213.062115511082,130.564632307952,39.5779196551784
137.787726690306,209.76176672196,3.94253664526699
1849.54977785693,14.5266286794681,766.13223159491
10.4194137212385,4.22029704745189,16.5416114854912
2948.7353779385,562.501356984591,23.5774104679114
1154.22413776961,0,395.179250201742
118.842094274981,1.86692080216473,22.6731390648727
NaN,NaN,NaN
235.040825080688,37.2268095338221,3.73834152021332
22.9142186593376,1.98458641335224,0
197.510273418106,13.9844773890139,28.1802463875165
-0.540856158364982,1.91773128155856,0.172572731595847
1598.0266310352,25.1038083609481,75.3703211354283
-31.6889701949392,-5.01903980878635,110.433773852848
NaN,NaN,NaN
219.80729917967,71.419720879234,36.605664819414
147.087053336081,180.668216819552,3.65980493365422
1977.29107167692,15.5299270846119,313.181799010542
12.464810310212,3.20041932792415,15.3096642698618
1.97015788612603,0.343847595162055,0.0157078017774227
1069.05595563952,0,212.64845099758
106.378681931487,1.67112987545666,18.5683428301762
NaN,NaN,NaN
220.638867508598,12.142491586771,3.47131712591237
21.9321813421288,1.72610010601259,0
199.83964353277,1.56956916315144,7.85196315181372
-0.29642825280027,1.97167618338612,0.15691819145569
299.213921091522,4.70042788282164,21.18809577935
-16.5408742715852,-2.61981711398354,100.615784232003
NaN,NaN,NaN
213.667667073192,16.8160100918946,33.9462789137301
152.716222190394,152.716222190394,3.39278053935327
1522.33274313126,0,1300.19499275703
14.2629714883689,1.68813392170235,13.9182559318463
6906.97765874982,1149.63629967518,0
956.419561433224,0,82.8349111660064
93.6992185654669,1.4719449480728,15.597750424042
NaN,NaN,NaN
153.824288493395,139.969333010243,3.2671220008587
19.9500559283254,1.41253971862333,0
149.647577915837,10.5956167923206,132.26237306473
-0.125267437637841,1.99106890501076,0.141253971862333
8985.29324695647,141.152265774441,494.551619212012
-5.51955429947227,-0.874211518562803,88.8243788301162
NaN,NaN,NaN
163.806613800929,119.012471294925,32.0690653332473
158.957014798318,129.41135593947,3.22000004892324
1783.79506142511,0,908.888980478573
15.6942295997498,0.616627960377105,12.3818789861967
3952.72873906174,626.050729091004,0
829.974400845175,0,6.51873773763041
80.9804523387246,1.2721426020149,12.8276261332989
NaN,NaN,NaN
161.659556690274,119.403601299844,3.15717077967596
18.9625078401372,1.19301987105695,0
162.315340712988,11.4925425032741,116.282636863966
0.0156840688196708,1.99691660339024,0.109900359824891
7680.53463932139,60.3240183643465,543.827791669984
0.589547681533722,0.0933751795843465,75.997655981004
NaN,NaN,NaN
181.588503432801,75.2164208928995,31.1304585430059
165.469441477881,108.693107110282,3.11004882774049
1945.71221071575,0,467.124173075667
12.2186034123627,11.6559679548467,10.7165358995799
990.864271741994,148.969778764717,0
506.498845431915,0,483.175868164106
68.2247506567152,1.07176002745972,10.2583979388877
NaN,NaN,NaN
168.684624521644,99.7598088485389,3.07863419311685
18.9789076242774,0.895022563483211,0
173.533444969038,8.18362952394498,99.0917336864815
0.078432464909212,1.99623953413773,0.0942129014192853
6396.64469266792,50.2401629614671,201.028858100021
2.93116900436222,0.464251562252539,62.9300621226041
NaN,NaN,NaN
188.276953822482,29.8201399571824,30.1918517527646
170.362362060399,88.4961610120047,3.01580492386957
2001,0,0
13.5126659349372,11.7256941967614,8.93957241342242
7913.06976295353,1189.67681604318,0
433.431400392018,0,370.185387548205
55.3708121271892,0.869834225184696,8.32565629822769
NaN,NaN,NaN
172.525916306532,79.5355368196701,2.98439028924593
18.9853516885737,0.745936499422304,0
182.921431959723,0,80.868719105749
0.156797213216906,1.99229749319565,0.0785196315181372
5087.10735851157,39.9548693062555,360.19762824895
4.2612018725468,0.674908073693191,49.8135188246471
NaN,NaN,NaN
141.947336098664,121.23447811486,29.5661138926036
174.776414954068,69.1988779575686,2.95297565462229
1706.13296887254,0,1045.51962799661
14.5086572776888,11.8119040770174,7.06949687558514
4952.09833589822,704.787962151789,0
341.218126995783,0,277.795229997726
42.5657654010567,0.668676476732422,6.05875297331605
NaN,NaN,NaN
176.896136170817,60.5650845169923,2.93726833731047
17.9911180865832,0.565393663406309,0
190.064657237613,7.46766072124187,61.8033988749895
0.235009545256097,1.98558562231964,0.0471195296672203
3796.95322712263,29.8218140998773,149.187299884461
4.2953417309611,0.680315296060899,36.7435329073323
NaN,NaN,NaN
162.806799736984,82.9542078167364,28.9403760324427
177.069916136089,49.9388811791931,2.890146385375
1903.0640891066,0,618.34300574427
15.2752783114303,11.848720411757,5.12578746265993
1982.02736274855,282.08426633904,0
246.432749550128,0,188.07152881062
29.6970456286442,0.466518472138899,4.22703695812748
NaN,NaN,NaN
179.225789833467,41.5423075001997,2.890146385375
17.9977793846699,0.282731711612772,0
195.423510241808,6.14143122398461,42.0943519642611
0.250635543028628,1.98398461317174,0.0314146346236414
2497.99554415963,19.619614539393,98.1495393976715
2.78616760927207,0.441285597444908,23.8336429669182
NaN,NaN,NaN
177.673710127608,42.6556838485965,28.9403760324427
184.192717788778,32.1467753950268,2.93726833731047
1994.83158479999,0,156.996650551418
15.220538923276,12.5915248538083,3.12868930080462
8912.19296676445,1268.39288990212,0
138.692383699642,0,114.736318154764
16.8283258562317,0.264360467545376,2.39532094293891
NaN,NaN,NaN
186.494553638143,23.559741044691,2.95297565462229
17.9994448376062,0.141370215996804,0
198.295766519026,14.0400932834124,21.9468622182091
0.172567409046359,1.99247929833621,0.0157078017774227
1196.96643729684,9.40114571911894,84.7523831174
0.937464411960296,0.148479776212502,10.9589741414224
NaN,NaN,NaN
187.660784713076,0,29.7225483576439
189.502150024631,13.4174718424851,2.98439028924593
1618.84300574427,0,1176.15828983724
14.9795544980595,13.2062537508069,1.09900359824892
5935.29676546452,892.331948249332,0
37.505553481523,0,33.0655932661826
3.95505800908494,0.0621310160846212,0.594689735587692
NaN,NaN,NaN
192.922625709952,4.54647365651076,3.03151224118139
19,0,0
199.938319284739,4.7118076389949,1.57078017774227
0.0942129014192854,1.99777974992394,0
99.9198217663851,0.784784581575718,3.92598157590686
0.076350127848946,0.0183300439495832,1.99845807248145
NaN,NaN,NaN
185.31863937046,44.4910689744756,45.7552913157575
194.849679871794,6.12339787811282,4.59415414255398
2772.56247706637,0,1148.43298052763
22.0052195889592,20.3414157548848,1.41319352128928
6925.17215070777,1041.15305458015,0
60.0088855704368,0,52.9049492258921
8.89750812361163,0.209681400217974,1.33805190507231
NaN,NaN,NaN
188.365077105559,14.8246530743584,4.45279555355232
17.9994448376062,0.141370215996804,0
297.922753109174,21.0940622602879,28.2324939955543
0.258851113569539,2.98871894750431,0.023561702666134
1396.46084351298,10.9680033389721,98.8777803036334
1.25853399963497,0.3021472808925,14.9440556473941
NaN,NaN,NaN
164.613709169782,83.8748741576785,44.354619132622
187.265858476755,25.1529493444056,4.45279555355232
2427.86000011922,0,1763.94354212971
22.5586557883995,19.2669121988906,4.46017301690769
2.97007097314967,0.422703695812748,0
161.807780982916,0,133.859037847225
21.7744748554456,0.513143940221278,3.09982710262682
NaN,NaN,NaN
181.939281487564,33.2280128366988,4.35855649421788
17.9977793846699,0.282731711612772,0
293.791022826778,16.1682982840908,58.5270966048385
0.375953314542942,2.97597691975761,0.047121951935462
2697.8351876924,21.1891837025444,106.001502549485
3.20011523467517,0.76827969445419,27.8059167947379
NaN,NaN,NaN
136.788239324478,116.828193205591,43.1873923133425
179.838503679807,43.175404798273,4.35855649421788
2991.74891853312,0,235.455746279263
22.5339635509068,18.3455305921127,7.46069661494564
2973.04104412282,423.126399508561,0
267.007756499453,0,210.491942765344
34.6412099972999,0.816365359442943,4.93154311781539
NaN,NaN,NaN
180.485101787575,52.4357693092843,4.42923578871871
17.995003743924,0.424075767004983,0
286.516839906765,11.2572772994362,88.2120975696912
0.305688493938224,2.98354805257141,0.0706792945008305
3993.83320678048,31.3681376393414,219.800719649783
4.06343927368838,0.975545458424514,40.7864778122308
NaN,NaN,NaN
179.594506993853,28.4449754755824,43.6542830410543
176.387801156189,61.9429868674181,4.4056760238851
2854.12060540176,0,927.360000119217
21.6866654575735,17.9407699347409,10.3835117123248
5943.11201727249,845.830095321309,0
362.141224104621,0,299.589275181884
47.5079451391541,1.11958677866461,6.76325913300397
NaN,NaN,NaN
176.053872368816,71.3091597693336,4.47635531838593
18.9853516885737,0.745936499422304,0
276.253644042308,0,116.978306336456
0.235195819825359,2.98844623979347,0.117779447277206
5299.83653551739,41.6256747101701,0
4.53072239868591,1.087730211213,53.7986003306188
NaN,NaN,NaN
170.687006822158,70.7008731466069,44.354619132622
171.869420965481,80.8756105389873,4.47635531838593
2558.77313322663,0,1568.01819271256
20.3479168470764,17.6570227991103,13.1981750956775
8902.94514819678,1338.497922374,0
450.066641778276,0,396.787119194191
60.3053328378122,1.42117393481071,9.0690184677123
NaN,NaN,NaN
171.40294275035,90.7531866303034,4.57059437772037
18.9789076242774,0.895022563483211,0
262.762282678847,8.25763740162368,144.526102230515
0.141162469977772,2.99334294690462,0.141319352128928
6594.70823658141,51.7957823839974,259.114784009853
2.55772928293969,0.614056472311036,66.9483454281284
NaN,NaN,NaN
154.186102922464,112.022761000582,45.7552913157575
168.72650483411,101.581618146023,4.6412736722212
3001,0,0
18.6924045104109,17.2790809956528,15.8753700292257
1980.73965698524,297.790885095537,0
528.205938807568,0,503.883405371139
73.1572890163623,1.7240470684589,11.0017601083723
NaN,NaN,NaN
165.41652547124,110.527788678716,4.68839320188842
18.9712928515602,1.04405341833647,0
246.175865151341,17.4301860878001,170.568555220279
0.0235261032295062,2.99537490508536,0.164850539737337
7899.02539660512,124.087806763383,0
0.610951758557402,0.146676540052276,79.9975326115832
NaN,NaN,NaN
193.874485689029,15.2582529334717,46.6890727711811
159.892538038153,120.050713362966,4.71195296672203
2919.05450103383,0,700.802982295428
23.7039192640238,0.186173974617515,18.3872116095893
4941.40476799747,782.641628596275,0
859.893903934228,0,13.5082928881658
85.9050343697247,2.02446433789885,13.6097984585001
NaN,NaN,NaN
159.451969917674,131.910141442938,4.8768713205573
19.9605345685654,1.25581039058627,0
227.671643437542,14.3238856899645,194.834414499055
-0.211351847906374,2.98503548657484,0.2118809577935
9198.58130416883,144.502862322679,72.2558881761443
-5.6781719603096,-1.36320847807464,92.8164857438293
NaN,NaN,NaN
192.353979801071,62.4995966861545,48.5566356820283
154.89904226003,143.187201832134,4.97111037989174
2674.80158561348,0,1362.87948021812
21.6401776511525,1.70311891713367,20.7075372070331
7894.39334518349,1313.98733309061,0
984.021345900628,0,108.636967980135
98.6155454222623,2.3240041324071,16.4186846568863
NaN,NaN,NaN
218.932459616789,1.71952687341068,5.15958849856062
20.9352640083957,1.64764101028474,0
299.32491191005,18.8319272335488,7.06792945008305
-0.491042139946443,2.95016527494223,0.235377287183535
498.68986848587,7.83404647136941,35.3134929655833
-18.5178510276639,-4.44574269555199,104.275234668651
NaN,NaN,NaN
184.88520766921,113.297800975107,52.0583161398669
148.092740349873,167.978240968023,5.27738732272867
2282.66830369319,17.9284035732005,1949.64304108721
19.0786302971611,3.95099439586331,22.8121789680009
988.034179892205,172.439568973771,7.87746259137747
1091.07419340623,0,252.897418893396
111.130480043755,2.61893491286991,20.3016645910308
NaN,NaN,NaN
232.522304491493,25.6707014059637,5.51298497106478
22.9142186593376,1.98458641335224,0
297.303998983185,14.0205006827347,37.5999700692913
-0.878830996569884,2.85668480010737,0.25885909739377
1796.22648782559,28.2173805163821,113.022935152764
-34.0240001491413,-8.16843973474752,113.739368761001
NaN,NaN,NaN
234.34115081584,0,56.2603326892732
140.081684182951,196.025210547779,5.67790332490005
2964.94894963742,23.2871334205819,469.616264050773
16.0025940688482,5.90366863628029,24.6792155406258
3931.97458956956,750.064267824556,31.4391652575115
1162.22060736031,0,460.155690855847
123.544643549892,2.91149089037938,24.5813805740322
NaN,NaN,NaN
246.286803561922,53.0241614836454,5.93706073806976
24.889049115077,2.35270783296286,0
292.215961685,4.59049515175995,67.7403800607311
-1.18523880216218,2.7389252690877,0.30577336738515
3099.52196118732,48.6911818695983,24.3470927550051
-51.8986445732827,-12.4597621870937,120.728145093417
NaN,NaN,NaN
242.994338358205,58.3377792165318,59.9954585109677
128.783497460233,225.781506230304,6.12553885673864
2773.4008157475,21.7826869609207,1148.81566396
12.6098447113919,7.06185235005899,26.2892004013159
6857.28584141533,1420.07562955377,55.0008679236455
1176.64342680865,0,721.048019308009
135.848673393282,3.20145142427757,29.2555746151615
NaN,NaN,NaN
256.713983571219,83.4114295606998,6.36113650507474
26.8369457972899,2.96282639945822,0
283.68555684423,8.91517778204298,97.1752254594448
-1.65664535890386,2.47934499082856,0.329202933273136
4399.45718291931,69.112196172011,0
-81.0720826178475,-19.4636849909335,118.631709026628
NaN,NaN,NaN
272.04581410164,138.614265713216,73.3018442507543
128.949804466861,291.67870030388,7.51556498192164
2429.40310328346,19.0808796911852,1765.1191126343
11.6271869133713,1.28365338584283,27.6253644042308
2.91142962228946,0.72320287653114,0.023561702666134
1494.935723152,0,212.76086022575
147.476037710137,3.47546545123111,36.6434092466219
NaN,NaN,NaN
302.650939813744,133.800580810442,7.79828215992496
32.7712590795126,3.87873411610864,0
272.308517996858,8.55763993243993,125.597921261228
-2.62188930496991,1.41469470709193,0.352612192373513
5698.24209961507,134.286517711355,44.7672350656546
-136.889294993819,-32.864212073468,71.7304989588484
NaN,NaN,NaN
258.788560884147,221.026311470036,81.7058773495669
109.361652090695,336.580556237821,8.34015675109799
2993.65041912318,23.5125588699352,235.612664470718
7.92168961332687,3.88079569760589,28.6737904439499
2883.67299607782,837.784451393198,23.5852643688001
1384.6977978233,0,878.755943765555
157.66207306403,3.71551267861223,48.5166536633302
NaN,NaN,NaN
343.014211388346,195.651851910739,9.30610710927601
38.6924733512646,4.88799610900787,0
257.577773678833,18.2374845094714,152.712424725111
-2.97597691975761,0.0467503812698064,0.375999700692913
6995.68277605271,219.848188075122,109.951221182745
-165.537320914521,-39.7419945866051,-16.092521577466
NaN,NaN,NaN
391.842560713861,62.0617646739979,95.2457084532094
19.1476138690942,88.9369012862496,2.14393859985852
2854.03257760023,22.4159803592542,927.360000119217
5.8498217015695,0.183838053099692,29.4235584120969
5987.82460257744,423.960720194361,47.1469670349341
1769.78163949254,0,27.8019516419226
177.402030289892,4.18071055355178,13.9657190395564
NaN,NaN,NaN
83.7784094872251,59.8689355636678,2.42665577786185
9.90023657716558,1.40901231937583,0
241.312690581025,0,178.236318870612
2.10015732571946,2.10015732571946,0.422703695812748
8299.74400845175,65.1873773763041,0
123.497036007893,29.6490151548473,133.136839370675
NaN,NaN,NaN
91.6319720834743,37.9552055839679,23.8114271133024
11.2994967727105,102.349561378734,2.42665577786185
2558.69421463675,20.0963505850593,1568.01819271256
2.82290110228335,0.0443456741692243,29.8668589380924
8974.96993785082,706.345452808499,70.7086697010681
1899.06246469489,0,59.6804422484438
190.358358344771,4.48604334678871,14.9856872840184
NaN,NaN,NaN
80.2396061766894,70.7407286492695,2.52089483719629
9.88886498744505,1.48672433896923,0
221.718259862744,8.71133415556152,201.903754052932
2.01377067778569,2.1784848459154,0.446017301690769
9585.19969627316,75.2835303344194,527.521727159479
126.678833871031,30.4128972374734,147.771880717201
NaN,NaN,NaN
88.1063445271223,64.0130062860468,26.1458807518614
0.85583757626377,108.966384010183,2.56801436686351
3000.62977407746,47.1376592527738,0
0.312519955450621,0.0320201829580067,39.9987663057916
7973.9021519415,690.61477100353,62.8626227132455
1961.25707026807,0,185.393377237473
195.172640331736,6.13354731944841,16.912127696393
NaN,NaN,NaN
79.267697885361,73.2743062208631,3.39236198043786
9.88886498744505,1.48672433896923,0
297.727908107796,11.6977613687249,266.87310676184
2.68502757038092,2.90464646122053,0.594689735587692
9097.19352745563,71.4506600366997,214.393859985852
125.751955994738,40.859287342504,136.443996575006
NaN,NaN,NaN
73.765282958589,63.0015034326783,31.5197334262446
9.68837328432129,102.492283631752,3.23530818504721
3411.30808156003,26.7929019296309,2090.51675742851
4.38883093765637,0.0689452657720436,39.7584382182072
4988.42047861885,392.597206026183,39.3009200471115
1839.77300376626,0,28.90146385375
182.345850983169,5.73044922489834,14.3580145181956
NaN,NaN,NaN
81.527586362931,61.2126433273282,3.20389742596909
9.90023657716558,1.40901231937583,0
323.606797749979,0,235.114100916989
2.75887598756557,2.84693916915984,0.53248535410621
7798.79719266488,61.2528693851054,122.517075032201
119.03223661762,38.6759181637207,125.157900270019
NaN,NaN,NaN
84.7397560890843,43.1770623113389,30.9016994374947
19.8893937853363,99.9907348514636,3.20389742596909
3805.05976107248,29.8854839777994,1236.37699449416
8.41887039285222,0,39.1039975105916
1997.76071925503,157.227178432548,15.7392173809775
1708.68165197164,0,67.1342849480073
169.392320585458,5.32336813241922,13.3380462737336
NaN,NaN,NaN
341.661617413862,205.697024242935,12.5328928721732
38.6924733512646,4.88799610900787,0
345.874708288427,2.71654946359275,200.906213257349
-3.93313851932339,0.528286548043416,0.501332934257217
6493.18592295728,153.020407206851,255.188802433946
-153.650721600031,-49.9241457882488,28.1963724458232
NaN,NaN,NaN
348.641588389441,83.7014399042576,116.499406879355
109.916817546579,357.290199352359,11.74762389522
3990.53700557779,31.3422488033135,314.071760198563
10.488163053201,6.54101217469527,38.0422606518061
8646.21766789368,2511.95844167311,70.7165236019569
1424.29908503735,0,683.938678802254
151.360790412887,4.75670446804729,41.4280688445635
NaN,NaN,NaN
287.593022829704,135.331004069518,9.9886213868448
30.7851221656027,3.64365932119297,0
364.010494040475,20.0327096095641,164.605743442044
-3.11949389108128,2.45921069180499,0.470149589831351
5185.57478286913,122.204842783066,367.260326842067
-115.516010110373,-37.5334269150997,89.7122804982078
NaN,NaN,NaN
307.191254763335,0,99.812489183108
125.105025526024,295.445542613392,10.0828536640792
3238.3951456689,25.4348189822892,2352.90436492677
15.8114509529797,3.40411632493637,36.5842863919445
5815.19393960732,1493.08803076604,47.1548209358228
1433.88542317953,0,215.575029150538
139.40715222833,4.38104625427344,35.8113437517391
NaN,NaN,NaN
312.148423848977,109.618724154519,10.3969612548605
75.5410326145937,8.33980764291944,0
379.334756750511,8.93951900259749,126.590786872634
3.86599094053741,-0.928142307619191,0.438937244364181
3893.02659349278,214.246216871648,91.8830828510796
131.04749963604,42.579913773824,-7.58312482791746
NaN,NaN,NaN
649.538096475508,398.037457447102,247.522612494333
387.138830026947,704.202917579309,25.2542502988152
3702.79495986542,29.082281592062,1533.79519691928
19.8177354928065,0.155651331052841,34.7452605775277
2430.21209532585,1765.65243932725,23.5931182696888
1156.7248176579,0,635.914849814264
128.419473191586,4.03574452966577,25.5568321841128
NaN,NaN,NaN
249.775759436724,59.9658543738623,8.07256508307897
24.889049115077,2.35270783296286,0
389.391879641365,27.5704237661751,87.257296558617
-1.61019641735708,3.6421924033966,0.376433253274057
2596.7932754322,40.7936885865406,122.476771845071
-41.1471103168064,-13.3695065849986,117.273916990311
NaN,NaN,NaN
219.795564816556,71.4159081535355,75.0911296331122
136.387511947819,197.336302700283,7.53858217875079
3952.60682759792,31.0443397565518,626.050729091004
22.2284264113819,6.8383568724701,32.5443379800315
3.93479315376693,0.718620829730268,0.0314156035548453
1145.32173137984,0,323.014135339438
116.022699754048,3.64616022953858,21.1999683339967
NaN,NaN,NaN
229.821682276834,30.8689110742139,7.28729610612577
22.9142186593376,1.98458641335224,0
397.17837782554,6.23937654630046,47.0149589831351
-0.960703766476761,3.86754739884537,0.345145463191694
1296.59365806326,20.3685208255605,91.8150817105167
-22.4191003315061,-7.284407269528,109.491193029657
NaN,NaN,NaN
213.328063452258,16.7892827072832,69.5288237343632
145.404579022694,170.246888259497,7.03601003350074
3043.05081658232,23.9005566622079,2599.09108941739
26.0585794410856,4.54795016036774,30.0044427852184
6899.49291721336,1204.15427825752,55.0087218245342
1044.21588572406,0,182.244846296174
103.385439587762,3.24901832949382,18.052555529338
NaN,NaN,NaN
218.783926762896,6.87556188845982,6.8789562381101
20.9352640083957,1.64764101028474,0
398.951894788696,28.2473091420738,6.28292692472827
-0.561867521851712,3.94788698073404,0.31383638291138
0,0,0
-12.5339857298975,-4.07253883594587,98.1188749892315
NaN,NaN,NaN
163.886648354582,119.070619801864,65.8206198018638
153.321101130423,146.261056297959,6.6590809245632
3565.80810980185,0,1816.86997995767
29.2199304762148,2.99381688609151,27.1520298213177
3949.66274573469,657.404133661727,0
926.531450138435,0,80.2463201920688
90.8224897939857,2.85421172698534,14.3919707837012
NaN,NaN,NaN
157.776007397528,136.911045032652,6.56484864732881
19.9500559283254,1.41253971862333,0
305.428658427627,21.6255088599682,257.382345893512
-0.188053987558449,3.98767517587368,0.251162078117253
8685.78347205792,136.447190248627,478.066565238278
-2.56911301086067,-0.834755419076856,85.9575641914529
NaN,NaN,NaN
179.246976531982,74.2465286939189,63.0394668524893
159.532553952224,123.746133446157,6.34497333378192
3891.4244214315,0,934.248346151334
31.9863997731519,0.251225761999223,24.0168090130354
991.639093957518,157.060202900392,0
799.975326115832,0,6.28312071096907
77.9888771057051,2.45089920034611,12.3583227381782
NaN,NaN,NaN
162.731455975608,114.36958281074,6.25074105654753
18.9712928515602,1.04405341833647,0
330.00607428018,23.3656832332923,224.833351140852
0.0313681376393416,3.99383320678048,0.219800719649783
7381.29302999718,57.9737319345668,522.639695890633
1.09051389325335,0.354329442933642,72.9909941711612
NaN,NaN,NaN
185.990791613567,29.4580474352323,61.1853648862396
167.074030703036,104.196822967053,6.18791953839127
4001,0,0
24.7957962380824,23.6540131970868,20.6314359314019
7915.04753595101,1189.97416091097,0
488.408980372346,0,458.646560972221
65.2343038348473,2.05007058746671,9.81238063719692
NaN,NaN,NaN
170.924834660585,95.72250673641,6.15650877931315
18.9789076242774,0.895022563483211,0
351.851616071636,11.0573824944503,189.942555948238
0.219556713367522,3.98952259881303,0.188425802838571
6098.11873818455,47.8954973872382,143.714565485022
3.13564360063935,1.01883236621439,59.9093458470323
NaN,NaN,NaN
138.852297333815,118.591065285041,59.3312629199899
172.336215045517,84.4266405951055,6.03086574300063
3411.41329758072,0,2090.51675742851
27.1488315262345,23.9349146344642,17.0311716626029
4948.3880397175,743.956859220203,0
410.619221424017,0,350.701946098299
52.3851227764683,1.64626880508691,7.87963899653692
NaN,NaN,NaN
174.287336143656,75.4208652037263,5.96804422484438
18.9853516885737,0.745936499422304,0
369.551813004515,0,153.073372946036
0.344975154740567,3.98311510881093,0.125643036312513
4787.86574918736,37.6045828764758,339.0095324696
3.85697089159849,1.25320581047734,46.8247076951682
NaN,NaN,NaN
159.310741447478,81.1728771453172,58.0951949424901
176.292938284969,65.0378986102457,5.90522270668812
3805.17712169691,0,1236.37699449416
29.0795446841506,24.0566915188509,13.2535155385028
1984.00741006398,282.366068802916,0
315.910429538074,0,261.343835796963
39.5814056321991,1.24389578376729,5.63604927750331
NaN,NaN,NaN
178.207951945052,56.3597746336348,5.87381194760999
17.995003743924,0.424075767004983,0
382.65013787038,21.0585112778772,114.609821091119
0.407584658584298,3.97806407009521,0.0942390593344406
3494.60405593292,27.4471204344238,192.32562969356
3.29582120702646,1.07087722542501,33.8229328198987
NaN,NaN,NaN
172.933626071155,41.5176903503877,57.7861779481152
181.035676852067,46.4820614852447,5.87381194760999
3988.66625226625,0,313.914842007108
30.5447424626983,24.0795333683635,9.33781455423622
8914.17301407988,1268.67469236599,0
219.888740646609,0,173.346305806754
26.7174488017344,0.839629654042918,3.80433326231473
NaN,NaN,NaN
183.024309552654,37.902512396652,5.87381194760999
17.9977793846699,0.282731711612772,0
392.139572488622,24.6713307201101,74.9525258342899
0.345102883452434,3.98458987635599,0.0628292692472827
2195.59108325349,17.244486620593,138.139142964489
1.8795488170015,0.610702430675045,20.9068012566647
NaN,NaN,NaN
178.798625063489,0,58.0951949424901
186.807324617972,28.0852248018224,5.93663346576625
3236.87699449416,0,2351.72879442218
30.3468087802358,25.5091577991521,5.3248535410621
5944.10204093021,845.970996553246,0
114.822482023963,0,96.5183797100668
13.8375796013312,0.434863457947484,2.08141407455692
NaN,NaN,NaN
188.917241659313,19.3560908234833,5.96804422484438
18.999413995251,0.149224116885515,0
398.495859667242,3.12984351813387,34.5145463191694
0.31382670345818,3.98754634581842,0.0314156035548453
899.861214538256,7.06763877520447,14.1365855806386
0.477738662079292,0.155226700961519,7.98421382742617
NaN,NaN,NaN
155.694524997875,95.4097276277699,59.3312629199899
191.69222075662,9.0399756518079,6.03086574300063
3696.44200957766,0,1531.11641289272
29.7810598536307,26.6741420993643,1.25643036312513
2970.61504222849,446.611991426357,0
14.7926218995722,0,13.4602502701955
0.988398542952231,0.0310616755676775,0.148672433896923
NaN,NaN,NaN
194.903779271318,0,6.12509802023502
19,0,0
499.182958164248,27.4717004225588,7.85365865591034
0.11779882416805,4.99861215109,0
399.383320678048,3.13681376393414,21.9800719649783
0.145098787064629,0.0601018854860551,4.99753280182866
NaN,NaN,NaN
159.697442060141,81.369910948804,74.2405858788274
191.562105320135,10.5423005405122,7.53788462574117
4045.89398886911,0,2939.51404671466
37.4118944789591,32.9830217481801,3.53134929655833
4.94443249372252,0.743362169484615,0
83.6446562160034,0,71.4392853163202
11.8574892371032,0.465882020968076,1.78406920676308
NaN,NaN,NaN
188.864786683759,19.3507163893551,7.45936499422304
18.999413995251,0.149224116885515,0
496.534228477463,0,58.7686987289188
0.392283379322725,4.98443293227303,0.0392695044435567
1699.73784968337,13.349984353164,26.7024394300951
1.30476154828139,0.540449928961071,17.9445120071963
NaN,NaN,NaN
133.479466523297,114.002234263515,72.7098521493671
186.529178180346,29.5433194902898,7.42010517846397
4985.58358599937,0,392.373937734953
37.7042326313483,31.6937186659115,8.59645501397048
2975.02109143826,423.408201972436,0
184.923178266189,0,152.981757539686
24.7315096338908,0.971703659976781,3.52253079843957
NaN,NaN,NaN
183.951958680634,38.0946192957788,7.3808453627049
17.9977793846699,0.282731711612772,0
486.99550656802,30.6391602497496,109.071620698271
0.470483517047225,4.97719572297077,0.0785365865591034
2992.4160932421,23.5028642977974,211.8809577935
2.69528707993817,1.11642446299937,30.8624209026955
NaN,NaN,NaN
171.550947966666,27.1710008808441,71.9444852846369
180.614864124917,47.8891634797971,7.34158554694583
4756.23363799206,0,1545.39398886911
37.0792252633219,30.6746028387401,13.5720224932537
5945.09206458793,846.111897785184,0
286.933424973727,0,233.60053431627
37.591894643514,1.47698956316471,5.35424681362814
NaN,NaN,NaN
179.11118961673,56.6454311998025,7.3808453627049
17.9911180865832,0.565393663406309,0
473.364174414257,29.7815495230716,158.238483590793
0.470309382734043,4.97535357435687,0.157053795390641
4291.38257181364,33.70513294025,269.999233976047
3.82556875862192,1.58460246361201,43.8047264425355
NaN,NaN,NaN
160.468037431535,66.4680374315355,71.9444852846369
176.662616265437,66.7552398946437,7.42010517846397
4264.05346193482,0,2613.01532214446
35.5864146124025,29.9135066368179,18.4062276342339
8915.1630377376,1268.81559359793,0
380.202982800015,0,324.724024165092
50.3943292576886,1.97999858911432,7.58229412874307
NaN,NaN,NaN
174.238943324257,75.3999237607653,7.45936499422304
18.9853516885737,0.745936499422304,0
455.701638317723,0,205.757179302554
0.31371055157165,4.98628642994932,0.196299078795343
5599.13644601581,43.9764190457167,87.9609769461958
4.13174490289108,1.71142477504339,56.8242880227883
NaN,NaN,NaN
143.507374570908,104.26421070816,73.4752190140972
172.514010819553,86.2003651562085,7.57714444150024
5001,0,0
32.81792897736,29.862017726387,23.0487187267731
1982.71742998273,298.088229963331,0
462.623180944482,0,427.644469685753
63.2399425978838,2.48470411182974,9.51503576940307
NaN,NaN,NaN
170.877375477161,95.6959283166386,7.69492388877745
18.9789076242774,0.895022563483211,0
432.023388897677,16.9742451796058,251.132766571686
0.117668052743891,4.99306306658568,0.235532253548213
6892.12756123485,54.1317563291511,325.034509896534
1.52364691643861,0.631115217056816,69.98057011526
NaN,NaN,NaN
182.364241007869,14.3523770310953,75.7713196082878
167.04804189556,106.011911003886,7.77344352029558
4862.82197190878,0,1167.46026464338
29.7814260056134,29.317256494523,27.4511408999066
4949.37692621625,744.1055316541,0
759.97655981004,0,5.96896467542061
75.993368888289,2.98578759549419,12.0454538080978
NaN,NaN,NaN
164.321309682288,115.486950710344,7.89122296757279
19.9697819490108,1.09900359824892,0
404.496021192718,3.17696964555199,293.892626146237
-0.0783816125455062,4.98951802173774,0.313952597646567
8198.73551023744,128.796029461518,64.4019872874329
-3.01052123908731,-1.24699872704222,82.93601000798
NaN,NaN,NaN
180.125638181649,58.5263676417397,78.4501036348434
161.650564877423,127.435029964134,8.08752204636813
4456.81463399022,0,2270.86047969721
38.7162022338389,2.13068153043251,31.5676397724689
7906.44516646408,1252.25789264705,0
888.655296730979,0,48.9056601220767
88.823418181117,3.48988160512308,14.0791018536208
NaN,NaN,NaN
155.468100580253,134.908345513233,8.08752204636813
19.9500559283254,1.41253971862333,0
371.884297131219,20.4660312127106,333.5913834523
-0.234944081560569,4.98197721793232,0.353134929655833
9488.28312177152,149.053862143129,447.511281741605
-5.56904407957277,-2.30677358721263,95.8105659291141
NaN,NaN,NaN
164.636990456755,100.889677508886,79.9808373643038
152.842974111975,148.11514615891,8.36234075668161
3803.55063993135,0,3248.53913774758
35.1712134655403,3.60357369307142,35.3553390593274
991.33082754183,165.002691573119,7.89317039315489
1014.68798459696,0,103.962944910951
101.523881864717,3.98888418229872,16.9112451965929
NaN,NaN,NaN
216.725707015625,6.81087972710641,8.51938001971789
20.9352640083957,1.64764101028474,0
498.690324851629,27.4445891709403,23.5532253548213
-0.741070632000676,4.9291904584653,0.392295478639225
799.013315517601,12.551904180474,37.6851605677141
-14.1891583079107,-5.87734180979547,107.912578691105
NaN,NaN,NaN
208.796774347551,0,86.4864557145103
145.308911089391,172.865830131036,8.87271836154951
4940.26470555842,38.8015460925218,782.485194131235
30.5758843201878,7.85055277307607,38.7747871586117
3945.24116696738,688.554809312016,31.4548730592889
1111.59011731944,0,294.732779102946
114.024544340008,4.48003654861967,20.8406468368103
NaN,NaN,NaN
229.757869727911,30.8603399773592,9.10827725610392
23.9104890358306,2.07087277915016,0
494.443249372252,0,74.3362169484615
-1.57536215599462,4.72195136692116,0.470541566592572
2097.4099532337,32.9487484737443,98.9235464902496
-39.8413171578842,-16.5028139096035,114.124171761244
NaN,NaN,NaN
223.689814203776,53.7031730129042,95.2881746589074
137.604257824838,202.47851665582,9.61865486097181
4621.10289152865,36.2948035238259,1914.18252869018
26.1075864325926,8.48286905305232,41.7903680684135
6880.70996750806,1312.56562480915,55.0165757254229
1178.68221458051,0,499.107440368881
100.597905367315,3.95250246662922,80.656302667306
NaN,NaN,NaN
816.161017079889,195.942924190105,32.9782452376176
82.5677477662233,8.45972983098915,0
484.052611903923,15.2119661606717,124.344943582427
4.85417162895108,1.08503591159856,0.50962227897525
3392.34900164723,213.428508646886,80.1032004342745
123.859208938035,51.304164166937,15.8675486568081
NaN,NaN,NaN
665.95479704461,339.320917307126,309.590896783358
380.066724535318,704.387225907206,31.447112423014
4050.62315622388,31.8141740305576,2943.04075822841
16.5518910474427,16.0398983070183,44.3706723529642
4.09062241880412,2.87493758763524,0.0392695044435567
1134.16964573082,0,837.710698691874
116.724893463226,4.58613355462901,80.7357828042655
NaN,NaN,NaN
0,0,0
30.8127896191106,3.4017636438224,0
467.924240578097,33.1308131414699,173.058528538746
4.9698047772759,0,0.548671555455226
4689.42361992411,110.512392591309,295.115441787773
-114.283426514981,-47.337745216974,81.2553770637235
NaN,NaN,NaN
225.510046073569,192.603774729412,122.841381789194
121.98189874108,294.490354304737,12.5238812271429
4987.42359203239,39.1719387366919,392.530855926408
18.106733074758,3.30687663554317,46.4888242944126
2916.28200499328,724.408214658692,23.6009721705776
1533.16542548874,0,144.926802510512
150.31252846315,5.90579532791055,37.366634429121
NaN,NaN,NaN
301.979240842452,142.10064440805,13.1127784635289
32.7712590795126,3.87873411610864,0
448.127761737369,28.1938090168294,219.969584927958
-4.50924170162311,2.07878889772724,0.587686987289188
5996.66962488591,141.319352128928,141.358589001661
-141.464525596319,-58.5965250966713,49.7517360943665
NaN,NaN,NaN
336.714360636701,53.330315558678,141.210186542718
109.081691671652,364.744353051652,14.9579898042051
4757.98899891168,37.3699266035817,1546.01202285786
10.9170042149108,8.06342442942227,48.1227618226824
5739.36003302341,1765.65769429856,47.1626748367116
1295.07789109763,0,1054.35916840046
160.449430347788,6.30407528768425,49.3987746390271
NaN,NaN,NaN
344.134922323839,207.186074912069,15.7824459351456
39.643989894639,5.3248535410621,0
423.784131273414,19.9851523093273,264.589500487095
3.74279806672981,3.24783471907148,0.665606692632762
7299.77485080696,57.3334764875927,0
117.185379880843,48.5397736584884,119.111196431592
NaN,NaN,NaN
81.9411254969543,33.9411254969543,36.7376095070486
18.3492113375353,96.1899344000033,3.84746194438872
4263.06933461638,33.4827567228579,2612.49282357974
6.17334041307042,5.98238304955221,49.2554663077387
8982.2356398817,635.976392695355,70.7243775028456
1282.74933406537,0,1262.75656638754
180.408810181792,7.08828145716899,12.7834844535412
NaN,NaN,NaN
78.3086767984616,58.7958176629984,3.84746194438872
8.91021291944902,1.26811108743824,0
394.090917223542,27.9031334712494,306.453526826488
3.50026220953244,3.50026220953244,0.704506159687913
8578.52404917992,0,607.392079008034
122.163637215941,50.6018353636694,132.228968081884
NaN,NaN,NaN
74.7434242556813,54.3042764104999,38.268343236509
8.53576437156038,98.5547265256842,3.88672176014779
4999.84578822395,39.2695044435567,0
2.5165755325069,2.47735250690948,49.8751398208135
1998.75760584148,157.305635108413,15.7470712818662
1929.7619006896,0,30.3151224118139
193.252856839978,7.5929254247806,15.2210645712019
NaN,NaN,NaN
76.3106628329021,70.54085113487,4.08302083894314
9.88886498744505,1.48672433896923,0
361.505966555693,14.2036081098842,345.125620117219
3.2988401519348,3.6830783777924,0.743362169484615
9880.1598746407,77.6001897926686,621.626143340202
117.7805955321,48.7863200537757,154.102648555158
NaN,NaN,NaN
76.5605144310963,65.3888566447464,51.3009264705688
1.86709574684549,118.853230683243,5.60566763444748
5116.53581540658,40.1860046187741,3135.51388686041
1.86144243064261,0.294823517573674,59.9703936219439
4987.17568373553,431.936224843037,39.3166278488889
1918.43980756434,0,288.424521760031
192.066727618046,9.05763694706218,16.6532685989992
NaN,NaN,NaN
76.4263919601775,67.378928099329,4.80485797238355
8.89997848870054,1.33805190507231,0
455.343286875084,28.6477713799291,389.66882899811
4.20031465143892,4.20031465143892,0.845407391625496
8799.72858727415,69.1143278206597,0
117.816873247654,60.0306952995393,132.228968081884
NaN,NaN,NaN
79.3892626146237,40.4508497187474,45.3990499739547
11.9755054575015,101.180534733231,4.80485797238355
5706.16310083352,44.8170217112713,1854.10196624968
5.69204361149418,5.60332814502342,59.4659848419585
1999.75449242794,157.384091784277,15.7549251827549
1299.80859895137,0,1259.60216183209
179.351179845563,8.45798693618047,12.71285746761
NaN,NaN,NaN
81.2705242389843,58.0767742986476,4.71064507096427
8.91989772629377,1.19809204673897,0
492.351730302682,34.8603721756002,341.137110440558
4.2377751364202,4.17172571310472,0.798728031159314
7499.76868233592,58.904256665335,0
110.484009136551,56.2944144172478,122.066468084129
NaN,NaN,NaN
85.7724063568865,20.5921328814768,44.9450594742151
21.7901075122391,97.4833372306286,4.71064507096427
5982.31640531409,46.9859692902035,470.833033462798
13.9959231564361,0.549901318487495,58.3421952238606
8983.23311191278,636.047017502984,70.7322314037343
1679.79274256919,0,26.3882930838587
159.050085067939,7.50061160936545,50.3568393107308
NaN,NaN,NaN
328.845878216328,187.570377349164,17.8533448189546
36.7082439486357,4.63732964187926,0
524.989599628125,28.891925836133,289.052204461029
-5.87940073812802,0.931205595352073,0.751999401385826
6182.80070265166,145.705774087502,437.887312773233
-141.505299510921,-72.100551339146,26.4340822975869
NaN,NaN,NaN
327.890400901319,0,167.068503904153
111.592350276254,334.484136818825,16.6285771005039
4856.37923043977,38.1426975644971,3528.47486951172
18.4261624384203,7.46336415994531,56.6107298416916
5792.95318142707,1584.77265846321,47.1705287376003
1501.30389974938,0,385.469325105525
148.996218557347,7.02648330043594,38.2982426233876
NaN,NaN,NaN
288.695018751017,127.630732651085,14.8856384242471
30.7851221656027,3.64365932119297,0
552.081324988766,21.6913343357447,233.956612672913
-4.7366049743014,3.61486263702806,0.705224384747026
4896.22272498355,115.385883608149,153.912719482829
-107.289704622718,-54.6668349740147,86.0491512793349
NaN,NaN,NaN
256.781286837894,157.355774953847,153.448788911967
2611.44846402555,5783.71723150838,299.26728135836
5545.87778045711,43.55811786356,2297.24864448763
25.1310767235848,4.58974957548361,54.2896231479612
2905.5102911184,770.382094506732,23.6088260714663
1343.44120953511,0,459.962733841372
115.863547070015,5.46398617696054,80.1672209535312
NaN,NaN,NaN
750.500572468628,243.852418029129,37.2140960606177
79.5833713409381,8.153956463604,0
573.458121534396,4.50402216500921,176.424195139382
5.96415115843449,0.234332137224808,0.6115467347703
3591.12334494386,225.934330313957,113.078732681262
119.98550243291,61.1356670599434,9.53464310070753
NaN,NaN,NaN
690.629012126037,224.398968829624,370.002257287731
412.403939502617,710.005377393831,38.7215024833263
5933.84853078668,46.6052956665076,939.858265961707
30.0920815714605,7.22446960181387,51.403051131903
4.74078385280476,3.6773289009355,0.047123405332268
1183.90346713234,0,512.320778918867
99.7841960963461,4.70570323399544,80.0310600109703
NaN,NaN,NaN
852.49731528792,183.537869899862,41.123931469518
24.889049115077,2.35270783296286,0
588.017478297844,23.1032696447024,117.054193209677
-2.24249678178978,5.53645903956481,0.564649879911086
2299.43254442059,36.1223729398475,36.1268298171876
-40.0161681350287,-20.3892560560451,113.432731278367
NaN,NaN,NaN
217.623662866009,17.1273537129802,111.227672436189
145.608918817396,200.413483319618,11.6823997759914
4563.81584236059,35.8448628402229,3897.98718607776
33.4953964295839,13.2617656122555,47.9810795092254
6881.69222446274,1312.75300034445,55.0244296263116
1094.4741102727,0,384.351950616582
112.837630741568,5.32128758530356,21.5488511773583
NaN,NaN,NaN
238.285808282809,26.3069981483453,11.3055481703142
23.9104890358306,2.07087277915016,0
597.3187554764,4.691426999138,56.4649879911086
-1.84718686397188,5.68505660133263,0.51771819478754
999.876632481661,15.7073173118207,0
-27.0955356281915,-13.8058649702466,104.672011738787
NaN,NaN,NaN
167.234745478823,121.503154750517,105.325795939575
152.615243329717,170.391373010157,10.7873772125082
5347.65621877882,42.0012573468881,2724.85097943676
39.747181534927,8.88454769357673,44.0593505661411
3946.22624591044,688.726733109597,31.4627269601776
1006.92793589773,0,216.785912615945
100.369604625914,4.73331039944415,17.5367682284998
NaN,NaN,NaN
222.745571906576,1.74947560310155,10.5047385082503
20.9352640083957,1.64764101028474,0
426.515349277105,30.1989063900828,420.918855462513
-0.796733444657478,5.93174861715011,0.423761915587
9694.01756110161,152.285796979437,304.684363057845
-10.7205819651283,-5.46240934462386,95.2430113261899
NaN,NaN,NaN
171.221999734584,70.9224744667073,94.4300239458257
155.150102516045,141.1757309482,9.89235464902496
5836.16426222685,0,1401.13907386314
44.9178538068671,2.82599182600713,39.6787119194191
993.614470638709,157.373071830472,0
897.752516774643,0,63.56428733805
87.8066775904241,4.14085779981329,13.9226673885805
NaN,NaN,NaN
160.088838360433,132.437004838908,9.79814174760567
19.9605345685654,1.25581039058627,0
467.89723426658,18.3837324029266,375.145593801423
-0.23509407288432,5.98354371593918,0.37674311717588
8389.63981293481,131.794993894977,395.694185960998
-2.32293687527067,-1.18359545551947,82.9590445103557
NaN,NaN,NaN
180.407534843685,28.5737464365464,93.0680524466071
162.303500902953,119.879225875367,9.51550304334782
6002,0,0
48.8104845987283,0.766776365033237,34.8847910591898
7917.0253089485,1190.27150577877,0
557.148729975106,0,531.493454980517
75.0719420422684,3.54030291640097,11.2991049761661
NaN,NaN,NaN
163.617675682311,109.325835676928,9.27997078979961
18.9712928515602,1.04405341833647,0
503.496567006283,23.7442953529374,325.464921997871
0.188179802892939,5.98797842013283,0.329701079474674
7094.30734541334,55.719705291876,278.744691889387
2.44865263858344,1.24765083632995,69.9460325368506
NaN,NaN,NaN
131.440175217988,112.260514947618,88.0741569494721
168.518153162782,99.6613579613531,9.23286433908996
5116.69362628891,0,3135.51388686041
38.5480126894108,35.0759927307509,29.7275201059444
4950.36581271499,744.254204087997,0
473.36390078631,0,430.728008646255
62.2306887981961,2.93472478596396,9.36636333550615
NaN,NaN,NaN
171.260200708586,90.6776086095981,9.13865143767068
18.9789076242774,0.895022563483211,0
534.340119752965,16.7923147609928,272.394299843728
0.282420800059904,5.98871860241319,0.235558894554412
5795.34966245033,45.5175057313917,227.706931402598
2.79077522201688,1.42197099943606,56.9138785546807
NaN,NaN,NaN
154.01516947237,78.4746484543699,88.0741569494721
175.984194141842,81.1298247387923,9.13865143767068
5707.29015428722,0,1854.41098324406
40.5883137046275,36.932523809406,24.2606157317247
1983.70631648148,298.236902397228,0
377.211858439091,0,343.236381889984
49.3894355541239,2.32914665552696,7.43362169484615
NaN,NaN,NaN
179.610567771768,72.7497697219999,9.13865143767068
18.9906246469489,0.596804422484438,0
559.428090439654,13.1836536359395,216.486495892585
0.3295383918946,5.98797842013283,0.18846455446877
4497.64079953213,35.3251145822815,141.348415851577
2.1542826275218,1.09766182412608,43.9335202878237
NaN,NaN,NaN
166.34648505578,39.9362577095307,87.166175949993
182.391771556041,62.4466610668571,9.09154498696103
5982.5009197325,0,470.833033462798
43.0989413527822,37.3993561995971,18.5410196624968
8905.91180769301,1338.94393967569,0
287.00708866837,0,249.052064946482
36.5481823100517,1.72356852508995,5.50088005418615
NaN,NaN,NaN
184.171706805621,53.5068270771893,9.04443853625139
18.994726174142,0.447635531838593,0
578.663054041672,9.09036566231234,158.323829979224
0.470623907122487,5.97984371763679,0.141358589001661
3199.80261197066,25.1317076989131,25.1324828438763
2.16713455143832,1.10421020643652,30.904437345727
NaN,NaN,NaN
169.29123959579,0,86.2581949505139
185.860559146004,43.0801644527645,8.99733208554175
4854.91098324406,0,3527.29929900713
43.9985120992451,38.7899063030112,12.6283055892783
5939.2523114595,892.92663798492,0
187.527767407615,0,165.327966330913
23.7069290659795,1.11799039465294,3.56813841352615
NaN,NaN,NaN
188.666220896239,34.456570117983,9.04443853625139
18.9976560171516,0.298439028924593,0
591.693272533574,13.9440247944426,98.5121079413178
0.376696639312462,5.98742162608529,0.094243903870924
1899.00389313579,14.9150483791855,59.6804422484438
1.00704172604031,0.513113388120337,17.9644811117089
NaN,NaN,NaN
147.38334214956,90.3166282279479,88.0741569494721
191.265572679183,24.1624609147001,9.09154498696103
5544.20107460023,0,2296.4832776229
44.109865790958,40.136889657688,6.58405866546272
2972.59281522598,446.909336294151,0
88.7557313974332,0,80.7615016211728
10.8656758219073,0.51241226421593,1.63539677286615
NaN,NaN,NaN
194.18307301382,15.2825392826372,9.18575788838032
19,0,0
598.151276381052,28.2080981337674,37.674311717588
0.18846455446877,5.99703936219439,0
599.51893059831,4.70870748945431,23.5558894554412
0.139935956341606,0.0713009310553898,4.99753280182866
NaN,NaN,NaN
167.784717056387,54.5165592984853,89.8901189484303
196.726684823476,4.63612127810932,9.27997078979961
5927.11773191142,0,938.763224706425
43.0862489434096,41.7534799801588,0.47123405332268
5.93331899246703,0.892034603381538,0
7.23569779188449,0,6.90251240234437
1.97239207952652,0.108547304026256,0.312868930080462
NaN,NaN,NaN
197.645965515787,4.65778532832195,10.8801356226643
19,0,0
698.683836948206,32.9490933403222,27.481871031348
0.27481871031348,6.99460325368506,0
699.201346791941,5.491627453682,32.9745154967499
0.321318815001662,0.196904423077207,7.99111899969576
NaN,NaN,NaN
125.132064824613,106.872879698865,100.842222990178
193.109751225646,15.1980670259358,10.6603349030145
6979.41825346563,0,549.292129190642
51.5444010198902,46.9017962106573,6.587581932296
2973.58170172473,447.058008728047,0
103.548353297005,0,94.2217518913683
14.8108858141863,0.815092365284986,2.23008650845384
NaN,NaN,NaN
191.1888325478,24.1527663816007,10.605384723102
18.999413995251,0.149224116885515,0
692.824199945998,16.3273071888589,98.6308623563079
0.329734984850301,6.99201346791941,0.0549773062209793
1999.38319284739,15.7034417663076,47.1195296672203
0.983907339068526,0.602939192837856,20.9682710464613
NaN,NaN,NaN
163.375693316798,25.8761677486141,101.364721554894
190.555008306079,34.8015239497603,10.6603349030145
6658.34667058237,0,2163.42797761901
50.4148895826298,46.6030445681814,13.656322541129
5940.24119795824,893.075310418816,0
198.267077547635,0,183.276201293894
27.6469868531478,1.52150574853197,4.16282814911384
NaN,NaN,NaN
188.704092147677,43.739260012908,10.6603349030145
18.994726174142,0.447635531838593,0
678.830773704548,26.6713337389509,168.752542583127
0.384544491820905,6.98748362934601,0.164918353835271
3298.9822681982,25.9106789144076,77.7472239509135
1.138132855885,0.697448711094282,33.9737872321846
NaN,NaN,NaN
152.820938510098,63.3005053454675,101.364721554894
186.974341222309,54.3210676448383,10.7152850829269
5969.333790643,0,3658.01245157636
49.4853963875737,45.0282461499156,20.5828227662613
8906.90069419175,1339.09261210959,0
293.729003774274,0,271.520298213177
40.4830878921093,2.22791913177896,6.09556978977384
NaN,NaN,NaN
184.207903629142,63.0684620563098,10.7152850829269
18.9906246469489,0.596804422484438,0
658.291550764192,20.6876454084057,237.116544171704
0.274683103869573,6.99115183921371,0.219875313546898
4598.581343549,36.1179160625075,108.374918234607
1.88774803813476,1.15681348557859,46.9478241232126
NaN,NaN,NaN
133.821274311527,97.2268469391958,101.364721554894
180.463960101123,73.0954292019142,10.7152850829269
7001,0,0
47.6760165547968,43.3818371800678,27.2949381451732
1984.69520298022,298.385574831124,0
392.004480338663,0,356.69663216018
53.3191889310708,2.93433251502595,8.02831143043384
NaN,NaN,NaN
176.820356307752,81.515300777162,10.7152850829269
18.9853516885737,0.745936499422304,0
630.707212400264,19.8207726523511,303.01080706429
0.219705797648593,6.99115183921371,0.27481871031348
5895.26948421672,46.3022903129674,231.632912978505
2.00846974567942,1.23079184310756,59.9537421744434
NaN,NaN,NaN
165.752293059923,13.0449883739103,101.88722011961
172.956347883633,91.5756723106026,10.7702352628394
6807.56181270413,0,1634.35099235519
44.3848321686491,42.3410240908199,33.7227571871201
4951.35469921373,744.402876521894,0
484.652856227552,0,448.008492051741
66.1552899700323,3.64074589827294,9.96105307109384
NaN,NaN,NaN
170.169422876821,100.637916147951,10.8801356226643
18.9789076242774,0.895022563483211,0
595.670371629801,37.4764032239468,365.748995301164
0.164669178274008,6.98748362934601,0.38465125938712
7181.79862378104,56.4068743147136,508.5142987044
0.977666341844815,0.599114704820387,72.9909941711612
NaN,NaN,NaN
161.370887888422,52.4325798735405,103.977214378474
166.042668549103,110.946164107626,10.9900359824891
6237.93667584276,0,3178.38748867657
41.0371724259174,40.3975722852834,39.7993295513985
7908.42054314527,1252.57076157713,0
562.984429950912,0,554.209826358976
78.8956831810607,4.34189216105023,12.5147572032185
NaN,NaN,NaN
167.057342830982,123.390468005669,11.4296374217887
19.9605345685654,1.25581039058627,0
555.071450849555,39.301166563932,424.6776457014
-0.548129922372912,6.96465101569376,0.439533636705194
8498.95137609412,133.512197150476,0
-8.04649376977986,-4.93089772388415,85.4806421691455
NaN,NaN,NaN
154.849988222262,94.8921948260612,111.292194284497
165.41005055587,136.83909440676,11.8142886811758
5324.36257113142,0,4547.43523440795
52.9069688071138,5.84098373492483,45.4613633831129
993.334261976731,165.336154494845,0
911.811767576697,0,122.471631444428
91.5993138588176,5.04101525920562,15.2693767309043
NaN,NaN,NaN
163.950015752683,149.183035895579,12.198939940563
